0.000000000000000000e+00 inf
5.000000000000000278e-02 1.311578890547920309e+03
1.000000000000000056e-01 9.274263275675630211e+02
1.499999999999999944e-01 7.572404255212724138e+02
2.000000000000000111e-01 6.557894452739601547e+02
2.500000000000000000e-01 5.865559114237812537e+02
2.999999999999999889e-01 5.354498398746785597e+02
3.499999999999999778e-01 4.957302241759716139e+02
4.000000000000000222e-01 4.637131637837815106e+02
4.500000000000000111e-01 4.371929635159734744e+02
5.000000000000000000e-01 4.147576625128116348e+02
5.500000000000000444e-01 3.954559148089149403e+02
5.999999999999999778e-01 3.786202127606362069e+02
6.500000000000000222e-01 3.637665339758998471e+02
6.999999999999999556e-01 3.505342031539569234e+02
7.500000000000000000e-01 3.386482133552863729e+02
8.000000000000000444e-01 3.278947226369800774e+02
8.499999999999999778e-01 3.181046060035000096e+02
9.000000000000000222e-01 3.091421091891876927e+02
9.499999999999999556e-01 3.008968337041883387e+02
1.000000000000000000e+00 2.932779557118906268e+02
1.050000000000000044e+00 2.862099783734307152e+02
1.100000000000000089e+00 2.796295590217133622e+02
1.149999999999999911e+00 2.734831038522277709e+02
1.199999999999999956e+00 2.677249199373392798e+02
1.250000000000000000e+00 2.623157781095840733e+02
1.300000000000000044e+00 2.572217829430854295e+02
1.350000000000000089e+00 2.524134751737574902e+02
1.399999999999999911e+00 2.478651120879858070e+02
1.449999999999999956e+00 2.435540856261785621e+02
1.500000000000000000e+00 2.394604481002317584e+02
1.550000000000000044e+00 2.355665227688015761e+02
1.600000000000000089e+00 2.318565818918907553e+02
1.649999999999999911e+00 2.283165788675567569e+02
1.699999999999999956e+00 2.249339240317497968e+02
1.750000000000000000e+00 2.216972959517364643e+02
1.800000000000000044e+00 2.185964817579867372e+02
1.850000000000000089e+00 2.156222413771621405e+02
1.899999999999999911e+00 2.127661915497924667e+02
1.949999999999999956e+00 2.100207063131629184e+02
2.000000000000000000e+00 2.073788312564058174e+02
2.049999999999999822e+00 2.048342093505530386e+02
2.100000000000000089e+00 2.023810165511080186e+02
2.149999999999999911e+00 2.000139056869816159e+02
2.200000000000000178e+00 1.977279574044574701e+02
2.250000000000000000e+00 1.955186371412604274e+02
2.299999999999999822e+00 1.933817572738551007e+02
2.350000000000000089e+00 1.913134437185903778e+02
2.399999999999999911e+00 1.893101063803181034e+02
2.450000000000000178e+00 1.873684129354172114e+02
2.500000000000000000e+00 1.854852655135125872e+02
2.549999999999999822e+00 1.836577799065805721e+02
2.600000000000000089e+00 1.818832669879499235e+02
2.649999999999999911e+00 1.801592160688582283e+02
2.700000000000000178e+00 1.784832799582262055e+02
2.750000000000000000e+00 1.768532615234199170e+02
2.799999999999999822e+00 1.752671015769784617e+02
2.850000000000000089e+00 1.737228679374192097e+02
2.899999999999999911e+00 1.722187455319598826e+02
2.950000000000000178e+00 1.707530274258709255e+02
3.000000000000000000e+00 1.693241066776431865e+02
3.049999999999999822e+00 1.679304689316049917e+02
3.100000000000000089e+00 1.665706856703548340e+02
3.149999999999999911e+00 1.652434080586571952e+02
3.200000000000000178e+00 1.639473613184900387e+02
3.250000000000000000e+00 1.626813395819197865e+02
3.299999999999999822e+00 1.614442011745625507e+02
3.350000000000000089e+00 1.602348642876987128e+02
3.399999999999999911e+00 1.590523030017500048e+02
3.450000000000000178e+00 1.578955436278980926e+02
3.500000000000000000e+00 1.567636613381937707e+02
3.549999999999999822e+00 1.556557770576515338e+02
3.600000000000000089e+00 1.545710545945938463e+02
3.649999999999999911e+00 1.535086979879567934e+02
3.700000000000000178e+00 1.524679490524339087e+02
3.750000000000000000e+00 1.514480851042545169e+02
3.799999999999999822e+00 1.504484168520941694e+02
3.850000000000000089e+00 1.494682864391334078e+02
3.899999999999999911e+00 1.485070656236258628e+02
3.950000000000000178e+00 1.475641540865443062e+02
4.000000000000000000e+00 1.466389778559453134e+02
4.049999999999999822e+00 1.457309878386578248e+02
4.099999999999999645e+00 1.448396584507609646e+02
4.150000000000000355e+00 1.439644863390915646e+02
4.200000000000000178e+00 1.431049891867153576e+02
4.250000000000000000e+00 1.422607045959227605e+02
4.299999999999999822e+00 1.414311890428712672e+02
4.349999999999999645e+00 1.406160168985073824e+02
4.400000000000000355e+00 1.398147795108566811e+02
4.450000000000000178e+00 1.390270843441889212e+02
4.500000000000000000e+00 1.382525541709372305e+02
4.549999999999999822e+00 1.374908263125941517e+02
4.599999999999999645e+00 1.367415519261138854e+02
4.650000000000000355e+00 1.360043953326316739e+02
4.700000000000000178e+00 1.352790333855661800e+02
4.750000000000000000e+00 1.345651548754030102e+02
4.799999999999999822e+00 1.338624599686696399e+02
4.849999999999999645e+00 1.331706596788037587e+02
4.900000000000000355e+00 1.324894753667947498e+02
4.950000000000000178e+00 1.318186382696382850e+02
5.000000000000000000e+00 1.311578890547920366e+02
5.049999999999999822e+00 1.305069773989537509e+02
5.099999999999999645e+00 1.298656615896095730e+02
5.150000000000000355e+00 1.292337081479106757e+02
5.200000000000000178e+00 1.286108914715427147e+02
5.250000000000000000e+00 1.279969934963471587e+02
5.299999999999999822e+00 1.273918033755420680e+02
5.349999999999999645e+00 1.267951171754703239e+02
5.400000000000000355e+00 1.262067375868787451e+02
5.450000000000000178e+00 1.256264736507993689e+02
5.500000000000000000e+00 1.250541404981681382e+02
5.549999999999999822e+00 1.244895591023750256e+02
5.599999999999999645e+00 1.239325560439929035e+02
5.650000000000000355e+00 1.233829632869834683e+02
5.700000000000000178e+00 1.228406179657241779e+02
5.750000000000000000e+00 1.223053621822431865e+02
5.799999999999999822e+00 1.217770428130892810e+02
5.849999999999999645e+00 1.212555113252999632e+02
5.900000000000000355e+00 1.207406236009658613e+02
5.950000000000000178e+00 1.202322397699207386e+02
6.000000000000000000e+00 1.197302240501158792e+02
6.049999999999999822e+00 1.192344445952654723e+02
6.099999999999999645e+00 1.187447733493747251e+02
6.150000000000000355e+00 1.182610859077859544e+02
6.200000000000000178e+00 1.177832613844007881e+02
6.250000000000000000e+00 1.173111822847562564e+02
6.299999999999999822e+00 1.168447343846522983e+02
6.349999999999999645e+00 1.163838066140461791e+02
6.400000000000000355e+00 1.159282909459453776e+02
6.450000000000000178e+00 1.154780822900472543e+02
6.500000000000000000e+00 1.150330783908869847e+02
6.549999999999999822e+00 1.145931797302701511e+02
6.599999999999999645e+00 1.141582894337783785e+02
6.650000000000000355e+00 1.137283131811486356e+02
6.700000000000000178e+00 1.133031591203378952e+02
6.750000000000000000e+00 1.128827377850954718e+02
6.799999999999999822e+00 1.124669620158748984e+02
6.849999999999999645e+00 1.120557468839269291e+02
6.900000000000000355e+00 1.116490096184231078e+02
6.950000000000000178e+00 1.112466695364684313e+02
7.000000000000000000e+00 1.108486479758682322e+02
7.049999999999999822e+00 1.104548682305224787e+02
7.099999999999999645e+00 1.100652554883268266e+02
7.150000000000000355e+00 1.096797367714662954e+02
7.200000000000000178e+00 1.092982408789933686e+02
7.250000000000000000e+00 1.089206983315879285e+02
7.299999999999999822e+00 1.085470413184019520e+02
7.349999999999999645e+00 1.081772036458960713e+02
7.400000000000000355e+00 1.078111206885810702e+02
7.450000000000000178e+00 1.074487293415805169e+02
7.500000000000000000e+00 1.070899679749357176e+02
7.549999999999999822e+00 1.067347763895779309e+02
7.599999999999999645e+00 1.063830957748962334e+02
7.650000000000000355e+00 1.060348686678333507e+02
7.700000000000000178e+00 1.056900389134444964e+02
7.750000000000000000e+00 1.053485516268584661e+02
7.799999999999999822e+00 1.050103531565814592e+02
7.849999999999999645e+00 1.046753910490890149e+02
7.900000000000000355e+00 1.043436140146520472e+02
7.950000000000000178e+00 1.040149718943472408e+02
8.000000000000000000e+00 1.036894156282029087e+02
8.050000000000000711e+00 1.033668972244350357e+02
8.099999999999999645e+00 1.030473697297292404e+02
8.150000000000000355e+00 1.027307872005269900e+02
8.199999999999999289e+00 1.024171046752765193e+02
8.250000000000000000e+00 1.021062781476097712e+02
8.300000000000000711e+00 1.017982645404097184e+02
8.349999999999999645e+00 1.014930216807328520e+02
8.400000000000000355e+00 1.011905082755540093e+02
8.449999999999999289e+00 1.008906838883015666e+02
8.500000000000000000e+00 1.005935089161532261e+02
8.550000000000000711e+00 1.002989445680627654e+02
8.599999999999999645e+00 1.000069528434908079e+02
8.650000000000000355e+00 9.971749651181238505e+01
8.699999999999999289e+00 9.943053909237673338e+01
8.750000000000000000e+00 9.914604483519433131e+01
8.800000000000000711e+00 9.886397870222873507e+01
8.849999999999999645e+00 9.858430634927013614e+01
8.900000000000000355e+00 9.830699410837007690e+01
8.949999999999999289e+00 9.803200897081660514e+01
9.000000000000000000e+00 9.775931857063021369e+01
9.050000000000000711e+00 9.748889116856220483e+01
9.099999999999999645e+00 9.722069563657711910e+01
9.150000000000000355e+00 9.695470144280221803e+01
9.199999999999999289e+00 9.669087863692755036e+01
9.250000000000000000e+00 9.642919783604048689e+01
9.300000000000000711e+00 9.616963021087990171e+01
9.349999999999999645e+00 9.591214747249502182e+01
9.400000000000000355e+00 9.565672185929518889e+01
9.449999999999999289e+00 9.540332612447691929e+01
9.500000000000000000e+00 9.515193352381547243e+01
9.550000000000000711e+00 9.490251780380836522e+01
9.599999999999999645e+00 9.465505319015905172e+01
9.650000000000000355e+00 9.440951437658911516e+01
9.699999999999999289e+00 9.416587651396807246e+01
9.750000000000000000e+00 9.392411519975030387e+01
9.800000000000000711e+00 9.368420646770860571e+01
9.849999999999999645e+00 9.344612677795475975e+01
9.900000000000000355e+00 9.320985300723779687e+01
9.949999999999999289e+00 9.297536243951060442e+01
1.000000000000000000e+01 9.274263275675629359e+01
1.005000000000000071e+01 9.251164203006598541e+01
1.009999999999999964e+01 9.228236871095968752e+01
1.015000000000000036e+01 9.205479162294277273e+01
1.019999999999999929e+01 9.182888995329028603e+01
1.025000000000000000e+01 9.160464324505191769e+01
1.030000000000000071e+01 9.138203138927082136e+01
1.034999999999999964e+01 9.116103461740927116e+01
1.040000000000000036e+01 9.094163349397496177e+01
1.044999999999999929e+01 9.072380890934157094e+01
1.050000000000000000e+01 9.050754207275750218e+01
1.055000000000000071e+01 9.029281450553716581e+01
1.059999999999999964e+01 9.007960803442911413e+01
1.065000000000000036e+01 8.986790478515547420e+01
1.069999999999999929e+01 8.965768717611794614e+01
1.075000000000000000e+01 8.944893791226455448e+01
1.080000000000000071e+01 8.924163997911310275e+01
1.084999999999999964e+01 8.903577663692621513e+01
1.090000000000000036e+01 8.883133141503336105e+01
1.094999999999999929e+01 8.862828810629579834e+01
1.100000000000000000e+01 8.842663076170995851e+01
1.105000000000000071e+01 8.822634368514532355e+01
1.109999999999999964e+01 8.802741142821288634e+01
1.115000000000000036e+01 8.782981878526011599e+01
1.119999999999999929e+01 8.763355078848923085e+01
1.125000000000000000e+01 8.743859270319467214e+01
1.130000000000000071e+01 8.724493002311685075e+01
1.134999999999999964e+01 8.705254846590828777e+01
1.140000000000000036e+01 8.686143396870960487e+01
1.144999999999999929e+01 8.667157268383161295e+01
1.150000000000000000e+01 8.648295097454088420e+01
1.155000000000000071e+01 8.629555541094573812e+01
1.159999999999999964e+01 8.610937276597994128e+01
1.165000000000000036e+01 8.592439001148115096e+01
1.169999999999999929e+01 8.574059431436180034e+01
1.175000000000000000e+01 8.555797303286963995e+01
1.180000000000000071e+01 8.537651371293546276e+01
1.184999999999999964e+01 8.519620408460576755e+01
1.190000000000000036e+01 8.501703205855785939e+01
1.194999999999999929e+01 8.483898572269535521e+01
1.200000000000000000e+01 8.466205333882159323e+01
1.205000000000000071e+01 8.448622333938929785e+01
1.209999999999999964e+01 8.431148432432391360e+01
1.215000000000000036e+01 8.413782505791917288e+01
1.219999999999999929e+01 8.396523446580249583e+01
1.225000000000000000e+01 8.379370163196875865e+01
1.230000000000000071e+01 8.362321579588029863e+01
1.234999999999999964e+01 8.345376634963170659e+01
1.240000000000000036e+01 8.328534283517741699e+01
1.244999999999999929e+01 8.311793494162071738e+01
1.250000000000000000e+01 8.295153250256232980e+01
1.255000000000000071e+01 8.278612549350734184e+01
1.259999999999999964e+01 8.262170402932859758e+01
1.265000000000000036e+01 8.245825836178536861e+01
1.269999999999999929e+01 8.229577887709581319e+01
1.275000000000000000e+01 8.213425609356184509e+01
1.280000000000000071e+01 8.197368065924501934e+01
1.284999999999999964e+01 8.181404334969239756e+01
1.290000000000000036e+01 8.165533506571057387e+01
1.294999999999999929e+01 8.149754683118749199e+01
1.300000000000000000e+01 8.134066979095989325e+01
1.305000000000000071e+01 8.118469520872618261e+01
1.309999999999999964e+01 8.102961446500283671e+01
1.315000000000000036e+01 8.087541905512377127e+01
1.319999999999999929e+01 8.072210058728127535e+01
1.325000000000000000e+01 8.056965078060787278e+01
1.330000000000000071e+01 8.041806146329761873e+01
1.334999999999999964e+01 8.026732457076629146e+01
1.340000000000000036e+01 8.011743214384935641e+01
1.344999999999999929e+01 7.996837632703679333e+01
1.350000000000000000e+01 7.982014936674391947e+01
1.355000000000000071e+01 7.967274360961728519e+01
1.359999999999999964e+01 7.952615150087500240e+01
1.365000000000000036e+01 7.938036558268029808e+01
1.369999999999999929e+01 7.923537849254806531e+01
1.375000000000000000e+01 7.909118296178299090e+01
1.380000000000000071e+01 7.894777181394904630e+01
1.384999999999999964e+01 7.880513796336937560e+01
1.390000000000000036e+01 7.866327441365574202e+01
1.394999999999999929e+01 7.852217425626719205e+01
1.400000000000000000e+01 7.838183066909688534e+01
1.405000000000000071e+01 7.824223691508673539e+01
1.409999999999999964e+01 7.810338634086899390e+01
1.415000000000000036e+01 7.796527237543435263e+01
1.419999999999999929e+01 7.782788852882576691e+01
1.425000000000000000e+01 7.769122839085758869e+01
1.430000000000000071e+01 7.755528562985935537e+01
1.434999999999999964e+01 7.742005399144350974e+01
1.440000000000000036e+01 7.728552729729692317e+01
1.444999999999999929e+01 7.715169944399531232e+01
1.450000000000000000e+01 7.701856440184010921e+01
1.455000000000000071e+01 7.688611621371740057e+01
1.459999999999999964e+01 7.675434899397839672e+01
1.465000000000000036e+01 7.662325692734086147e+01
1.469999999999999929e+01 7.649283426781121875e+01
1.475000000000000000e+01 7.636307533762666822e+01
1.480000000000000071e+01 7.623397452621695436e+01
1.484999999999999964e+01 7.610552628918557616e+01
1.490000000000000036e+01 7.597772514730954185e+01
1.494999999999999929e+01 7.585056568555773993e+01
1.500000000000000000e+01 7.572404255212725843e+01
1.505000000000000071e+01 7.559815045749728313e+01
1.509999999999999964e+01 7.547288417350036127e+01
1.515000000000000036e+01 7.534823853241034897e+01
1.519999999999999929e+01 7.522420842604708469e+01
1.525000000000000000e+01 7.510078880489705000e+01
1.530000000000000071e+01 7.497797467724993226e+01
1.534999999999999964e+01 7.485576110835069130e+01
1.540000000000000036e+01 7.473414321956670392e+01
1.544999999999999929e+01 7.461311618756977282e+01
1.550000000000000000e+01 7.449267524353270176e+01
1.555000000000000071e+01 7.437281567234009572e+01
1.559999999999999964e+01 7.425353281181293141e+01
1.565000000000000036e+01 7.413482205194699759e+01
1.569999999999999929e+01 7.401667883416448035e+01
1.575000000000000000e+01 7.389909865057882143e+01
1.580000000000000071e+01 7.378207704327215311e+01
1.584999999999999964e+01 7.366560960358548016e+01
1.590000000000000036e+01 7.354969197142108328e+01
1.594999999999999929e+01 7.343431983455687373e+01
1.600000000000000000e+01 7.331948892797265671e+01
1.605000000000000071e+01 7.320519503318791976e+01
1.610000000000000142e+01 7.309143397761093297e+01
1.614999999999999858e+01 7.297820163389886261e+01
1.619999999999999929e+01 7.286549391932891240e+01
1.625000000000000000e+01 7.275330679517998078e+01
1.630000000000000071e+01 7.264163626612482005e+01
1.635000000000000142e+01 7.253047837963242728e+01
1.639999999999999858e+01 7.241982922538048228e+01
1.644999999999999929e+01 7.230968493467746327e+01
1.650000000000000000e+01 7.220004167989466737e+01
1.655000000000000071e+01 7.209089567390742559e+01
1.660000000000000142e+01 7.198224316954578228e+01
1.664999999999999858e+01 7.187408045905405629e+01
1.669999999999999929e+01 7.176640387355949713e+01
1.675000000000000000e+01 7.165920978254953866e+01
1.680000000000000071e+01 7.155249459335767881e+01
1.685000000000000142e+01 7.144625475065775788e+01
1.689999999999999858e+01 7.134048673596639389e+01
1.694999999999999929e+01 7.123518706715361759e+01
1.700000000000000000e+01 7.113035229796138026e+01
